00 1B 00 
07 00 
07 01 
07 02 
07 03 
84 41 00 11 11 
84 31 00 01 01 
86 1C 00 
02 0B 00 
01 

00 4E 00 
07 80 
84 41 00 11 11 
84 31 00 01 01 
02 21 00 
07 00 
01 

00 3E 00 
07 83 
84 41 00 10 10 
02 36 00 
07 03 
01 

00 2E 00 
07 81 
84 51 00 02 02 
02 46 00 
07 01 
01 

00 5E 00 
07 82 
84 61 00 08 08 
02 56 00 
07 02 
01 

00 71 00 
03 E8 03 
07 83 
84 74 00 10 10 
02 69 00 
07 03 
01 

00 81 00 
07 82 
84 84 00 08 08 
02 79 00 
07 02 
01 

00 94 00 
03 E8 03 
07 83 
84 97 00 10 10 
02 8C 00 
07 03 
01 

00 A4 00 
07 81 
84 A7 00 04 04 
02 9C 00 
07 01 
01 

00 B7 00 
03 E8 03 
07 80 
84 41 00 01 01 
02 AF 00 
07 00 
01 

~
